	S	I0	M1	D1	I1	M2	D2	I2	M3	D3	I3	E
S	0	0.01	0.981	0.01	0	0	0	0	0	0	0	0
I0	0	0.333	0.333	0.333	0	0	0	0	0	0	0	0
M1	0	0	0	0	0.01	0.859	0.131	0	0	0	0	0
D1	0	0	0	0	0.333	0.333	0.333	0	0	0	0	0
I1	0	0	0	0	0.333	0.333	0.333	0	0	0	0	0
M2	0	0	0	0	0	0	0	0.01	0.842	0.148	0	0
D2	0	0	0	0	0	0	0	0.01	0.981	0.01	0	0
I2	0	0	0	0	0	0	0	0.333	0.333	0.333	0	0
M3	0	0	0	0	0	0	0	0	0	0	0.01	0.99
D3	0	0	0	0	0	0	0	0	0	0	0.01	0.99
I3	0	0	0	0	0	0	0	0	0	0	0.5	0.5
E	0	0	0	0	0	0	0	0	0	0	0	0
--------
	A	B	C	D	E
S	0	0	0	0	0
I0	0.2	0.2	0.2	0.2	0.2
M1	0.248	0.129	0.01	0.01	0.605
D1	0	0	0	0	0
I1	0.2	0.2	0.2	0.2	0.2
M2	0.01	0.01	0.01	0.01	0.962
D2	0	0	0	0	0
I2	0.2	0.2	0.2	0.2	0.2
M3	0.01	0.01	0.01	0.826	0.146
D3	0	0	0	0	0
I3	0.2	0.2	0.2	0.2	0.2
E	0	0	0	0	0