30
0 12319 3900 8874 1498 2139 5681 15490 13392 15808 4675 5003 10061 10566 1873 12893 10621 4203 7925 3649 3985 14426 1457 15392 13275 11599 14120 8233 6634 3649
12319 0 14537 4319 12135 12776 7210 4585 2487 4903 9188 7642 4034 2283 10632 1988 2732 9636 5986 14286 8834 3521 11376 4487 2370 2368 3215 4320 6447 10442
3900 14537 0 11092 2782 1883 7899 17708 15610 18026 6893 7221 12279 12784 4091 15111 12839 6421 10143 1409 6203 16644 3675 17610 15493 13817 16338 10451 8852 5867
8874 4319 11092 0 8690 9331 3765 7490 5392 7808 5743 4197 2061 2566 7187 4893 2621 6191 2541 10841 5389 6426 7931 7392 5275 3599 6120 875 3002 6997
1498 12135 2782 8690 0 1021 5497 15306 13208 15624 4491 4819 9877 10382 1689 12709 10437 4019 7741 2531 3801 14242 1273 15208 13091 11415 13936 8049 6450 3465
2139 12776 1883 9331 1021 0 6138 15947 13849 16265 5132 5460 10518 11023 2330 13350 11078 4660 8382 1632 4442 14883 1914 15849 13732 12056 14577 8690 7091 4106
5681 7210 7899 3765 5497 6138 0 10381 8283 10699 2550 1004 4952 5457 3994 7784 5512 2998 2816 7648 2196 9317 4738 10283 8166 6490 9011 3124 1525 3804
15490 4585 17708 7490 15306 15947 10381 0 2398 884 12359 10813 7205 5454 13803 2855 5903 12807 9157 17457 12005 1320 14547 1540 3593 5539 2128 7491 9618 13613
13392 2487 15610 5392 13208 13849 8283 2398 0 2716 10261 8715 5107 3356 11705 757 3805 10709 7059 15359 9907 1334 12449 2300 1495 3441 1028 5393 7520 11515
15808 4903 18026 7808 15624 16265 10699 884 2716 0 12677 11131 7523 5772 14121 3173 6221 13125 9475 17775 12323 1638 14865 1858 3911 5857 2446 7809 9936 13931
4675 9188 6893 5743 4491 5132 2550 12359 10261 12677 0 1872 6930 7435 2988 9762 7490 1992 4794 6642 1190 11295 3732 12261 10144 8468 10989 5102 3503 2798
5003 7642 7221 4197 4819 5460 1004 10813 8715 11131 1872 0 5384 5889 3316 8216 5944 2320 3248 6970 1518 9749 4060 10715 8598 6922 9443 3556 1957 3126
10061 4034 12279 2061 9877 10518 4952 7205 5107 7523 6930 5384 0 2281 8374 4608 2336 7378 3728 12028 6576 6141 9118 7107 4990 3314 5835 2062 4189 8184
10566 2283 12784 2566 10382 11023 5457 5454 3356 5772 7435 5889 2281 0 8879 2857 979 7883 4233 12533 7081 4390 9623 5356 3239 1563 4084 2567 4694 8689
1873 10632 4091 7187 1689 2330 3994 13803 11705 14121 2988 3316 8374 8879 0 11206 8934 2516 6238 3840 2298 12739 930 13705 11588 9912 12433 6546 4947 1962
12893 1988 15111 4893 12709 13350 7784 2855 757 3173 9762 8216 4608 2857 11206 0 3306 10210 6560 14860 9408 1791 11950 2757 996 2942 1485 4894 7021 11016
10621 2732 12839 2621 10437 11078 5512 5903 3805 6221 7490 5944 2336 979 8934 3306 0 7938 4288 12588 7136 4839 9678 5805 3688 2012 4533 2622 4749 8744
4203 9636 6421 6191 4019 4660 2998 12807 10709 13125 1992 2320 7378 7883 2516 10210 7938 0 5242 6170 1302 11743 3260 12709 10592 8916 11437 5550 3951 2326
7925 5986 10143 2541 7741 8382 2816 9157 7059 9475 4794 3248 3728 4233 6238 6560 4288 5242 0 9892 4440 8093 6982 9059 6942 5266 7787 1900 2053 6048
3649 14286 1409 10841 2531 1632 7648 17457 15359 17775 6642 6970 12028 12533 3840 14860 12588 6170 9892 0 5952 16393 3424 17359 15242 13566 16087 10200 8601 5616
3985 8834 6203 5389 3801 4442 2196 12005 9907 12323 1190 1518 6576 7081 2298 9408 7136 1302 4440 5952 0 10941 3042 11907 9790 8114 10635 4748 3149 2108
14426 3521 16644 6426 14242 14883 9317 1320 1334 1638 11295 9749 6141 4390 12739 1791 4839 11743 8093 16393 10941 0 13483 1222 2529 4475 1064 6427 8554 12549
1457 11376 3675 7931 1273 1914 4738 14547 12449 14865 3732 4060 9118 9623 930 11950 9678 3260 6982 3424 3042 13483 0 14449 12332 10656 13177 7290 5691 2706
15392 4487 17610 7392 15208 15849 10283 1540 2300 1858 12261 10715 7107 5356 13705 2757 5805 12709 9059 17359 11907 1222 14449 0 3495 5441 2030 7393 9520 13515
13275 2370 15493 5275 13091 13732 8166 3593 1495 3911 10144 8598 4990 3239 11588 996 3688 10592 6942 15242 9790 2529 12332 3495 0 3324 2223 5276 7403 11398
11599 2368 13817 3599 11415 12056 6490 5539 3441 5857 8468 6922 3314 1563 9912 2942 2012 8916 5266 13566 8114 4475 10656 5441 3324 0 4169 3600 5727 9722
14120 3215 16338 6120 13936 14577 9011 2128 1028 2446 10989 9443 5835 4084 12433 1485 4533 11437 7787 16087 10635 1064 13177 2030 2223 4169 0 6121 8248 12243
8233 4320 10451 875 8049 8690 3124 7491 5393 7809 5102 3556 2062 2567 6546 4894 2622 5550 1900 10200 4748 6427 7290 7393 5276 3600 6121 0 2361 6356
6634 6447 8852 3002 6450 7091 1525 9618 7520 9936 3503 1957 4189 4694 4947 7021 4749 3951 2053 8601 3149 8554 5691 9520 7403 5727 8248 2361 0 4757
3649 10442 5867 6997 3465 4106 3804 13613 11515 13931 2798 3126 8184 8689 1962 11016 8744 2326 6048 5616 2108 12549 2706 13515 11398 9722 12243 6356 4757 0
