32
0 1027 1755 1080 1975 1852 1535 2021 1797 1986 1833 1698 1596 1239 1559 1044 1938 1434 1402 1789 1956 1882 1838 1467 2046 1609 1091 1101 2041 1385 1374 1821
1027 0 1146 2026 1071 1801 1881 1600 1033 1442 2025 1716 1905 1957 1516 1577 1082 1216 1486 1267 1899 1255 1338 1874 1976 1779 1871 1171 1571 1667 2018 1406
1755 1146 0 1292 2013 1945 1883 1503 1295 1094 1691 2040 1557 1072 1955 1462 1287 1777 1586 1620 1265 1074 1513 1747 1497 1456 1925 1633 1754 1538 1388 1944
1080 2026 1292 0 1649 1606 1396 1592 1849 1228 1665 1904 1164 1934 1835 1318 1336 1342 1666 1339 1645 1126 1912 1504 2023 1476 1316 1283 1299 1709 1205 1681
1975 1071 2013 1649 0 1063 1170 1125 1226 1895 1081 1898 1215 1879 1644 1188 1591 1524 1315 2017 1472 2011 1764 1191 1727 1111 1962 1123 1251 1176 1108 1885
1852 1801 1945 1606 1063 0 1784 1991 1390 1771 1910 1493 1582 1422 1207 1143 1611 1225 1748 1414 1496 2027 1692 1133 1658 1364 1429 1825 1602 1271 1272 1234
1535 1881 1883 1396 1170 1784 0 1510 1137 1742 1948 1913 1194 1749 1576 1643 1286 1354 1421 1144 1740 1037 1629 1140 1623 1683 1766 1278 1657 1386 1993 1610
2021 1600 1503 1592 1125 1991 1510 0 1634 2019 1025 1756 1115 1574 1483 2043 2028 1327 1268 1381 1490 1863 1356 1157 2005 1693 1481 1426 1325 1774 1107 1221
1797 1033 1295 1849 1226 1390 1137 1634 0 1173 1209 1547 2000 1085 1264 1869 1598 1650 1353 1706 1055 1158 1334 1277 1387 1309 1876 1416 1297 2035 1853 1446
1986 1442 1094 1228 1895 1771 1742 2019 1173 0 1317 1118 1087 2031 1418 1492 1088 1935 1639 1383 1222 1509 1884 2037 1700 1303 1412 1345 1632 1661 1907 1930
1833 2025 1691 1665 1081 1910 1948 1025 1209 1317 0 1631 1974 1732 1248 1328 1183 1404 1733 1368 1479 1553 1855 1714 1109 1878 1826 1752 1614 1120 1092 1712
1698 1716 2040 1904 1898 1493 1913 1756 1547 1118 1631 0 1057 1760 1281 1168 1751 1285 1969 1839 1290 2014 1696 1697 1121 1451 1361 1401 1460 2001 1413 1965
1596 1905 1557 1164 1215 1582 1194 1115 2000 1087 1974 1057 0 1304 1527 1112 1699 1079 1498 1409 1102 1729 1888 1340 1177 1379 1075 1599 1452 1305 1240 2033
1239 1957 1072 1934 1879 1422 1749 1574 1085 2031 1732 1760 1304 0 1737 1262 1554 1686 1543 1652 1332 1444 1411 1184 1218 1753 1206 1034 1981 1230 1333 1400
1559 1516 1955 1835 1644 1207 1576 1483 1264 1418 1248 1281 1527 1737 0 2042 1135 1920 1314 1837 1391 1587 1870 1842 1153 1805 1302 1568 1536 1280 2038 1531
1044 1577 1462 1318 1188 1143 1643 2043 1869 1492 1328 1168 1112 1262 2042 0 1664 1581 1723 1988 1607 1392 1032 1901 1362 1344 1573 1065 1668 1927 1689 1929
1938 1082 1287 1336 1591 1611 1286 2028 1598 1088 1183 1751 1699 1554 1135 1664 0 1195 1823 1105 1862 1685 1973 1966 2048 1811 1139 1056 1704 1430 1419 1049
1434 1216 1777 1342 1524 1225 1354 1327 1650 1935 1404 1285 1079 1686 1920 1581 1195 0 1461 1539 1443 1433 1653 1211 1427 1943 1036 1597 1288 1320 1724 1323
1402 1486 1586 1666 1315 1748 1421 1268 1353 1639 1733 1969 1498 1543 1314 1723 1823 1461 0 1998 1447 1808 1567 1540 1501 1029 1289 1875 2004 1589 1787 1506
1789 1267 1620 1339 2017 1414 1144 1381 1706 1383 1368 1839 1409 1652 1837 1988 1105 1539 1998 0 1192 1312 1718 1836 1455 1638 1873 1745 1769 1380 1546 1198
1956 1899 1265 1645 1472 1496 1740 1490 1055 1222 1479 1290 1102 1332 1391 1607 1862 1443 1447 1192 0 1980 1900 1861 1566 1116 1997 2008 1041 1569 1104 1669
1882 1255 1074 1126 2011 2027 1037 1863 1158 1509 1553 2014 1729 1444 1587 1392 1685 1433 1808 1312 1980 0 1181 1525 1067 1711 1162 1030 1572 1408 1465 1819
1838 1338 1513 1912 1764 1692 1629 1356 1334 1884 1855 1696 1888 1411 1870 1032 1973 1653 1567 1718 1900 1181 0 2002 1141 1180 1782 1564 1502 1110 1796 1275
1467 1874 1747 1504 1191 1133 1140 1157 1277 2037 1714 1697 1340 1184 1842 1901 1966 1211 1540 1836 1861 1525 2002 0 1763 1951 1169 1663 1086 1439 1949 1603
2046 1976 1497 2023 1727 1658 1623 2005 1387 1700 1109 1121 1177 1218 1153 1362 2048 1427 1501 1455 1566 1067 1141 1763 0 1854 1708 1894 1601 1425 1647 1064
1609 1779 1456 1476 1111 1364 1683 1693 1309 1303 1878 1451 1379 1753 1805 1344 1811 1943 1029 1638 1116 1711 1180 1951 1854 0 1713 1662 1848 1946 1464 1674
1091 1871 1925 1316 1962 1429 1766 1481 1876 1412 1826 1361 1075 1206 1302 1573 1139 1036 1289 1873 1997 1162 1782 1169 1708 1713 0 1783 1440 1428 1909 1466
1101 1171 1633 1283 1123 1825 1278 1426 1416 1345 1752 1401 1599 1034 1568 1065 1056 1597 1875 1745 2008 1030 1564 1663 1894 1662 1783 0 1347 1423 1480 1448
2041 1571 1754 1299 1251 1602 1657 1325 1297 1632 1614 1460 1452 1981 1536 1668 1704 1288 2004 1769 1041 1572 1502 1086 1601 1848 1440 1347 0 1245 1522 1053
1385 1667 1538 1709 1176 1271 1386 1774 2035 1661 1120 2001 1305 1230 1280 1927 1430 1320 1589 1380 1569 1408 1110 1439 1425 1946 1428 1423 1245 0 1151 1389
1374 2018 1388 1205 1108 1272 1993 1107 1853 1907 1092 1413 1240 1333 2038 1689 1419 1724 1787 1546 1104 1465 1796 1949 1647 1464 1909 1480 1522 1151 0 1687
1821 1406 1944 1681 1885 1234 1610 1221 1446 1930 1712 1965 2033 1400 1531 1929 1049 1323 1506 1198 1669 1819 1275 1603 1064 1674 1466 1448 1053 1389 1687 0
